Set 1,4,9,16,5,1
Set 2,13,10,8,9,1
Set 3,13,9,12,16,7
Set 4,15,1,6,16,10
Set 5,13,2,16,12,14
Set 6,1,7,13,12,6
Set 7,8,16,9,10,3
Set 8,10,3,11,2,4
Set 9,12,11,1,7,13
Set 10,8,7,11,6,5
Set 11,14,8,3,6,7
Set 12,12,14,4,5,10
Set 13,2,5,6,3,13
Set 14,1,3,5,15,2
Set 15,9,13,8,16,7
Set 16,12,3,16,15,5
Set 17,12,3,9,13,10
Set 18,14,12,7,3,9
Set 19,14,1,10,15,3
Set 20,7,14,12,15,5
Set 21,1,8,11,6,5
Set 22,14,15,13,16,11
Set 23,3,15,4,2,8
Set 24,4,10,2,6,5
Set 25,4,9,13,6,15
Set 26,1,7,12,3,6
Set 27,14,3,6,10,5
Set 28,13,7,14,11,16
Set 29,16,7,11,5,3
Set 30,12,2,14,15,16
Set 31,2,5,4,10,7
Set 32,7,1,5,15,16
Set 33,13,3,5,15,8
Set 34,6,8,13,11,14
Set 35,15,16,3,10,6
Set 36,4,10,11,8,15
Set 37,13,1,5,16,12
Set 38,8,9,4,13,15
Set 39,14,9,6,10,16
Set 40,8,14,16,5,9
Set 41,1,15,6,14,16
Set 42,15,13,9,4,10
Set 43,9,16,1,8,5
Set 44,13,11,12,7,8
Set 45,12,11,2,5,7
Set 46,5,9,12,16,3
Set 47,15,4,9,14,12
Set 48,12,7,15,4,3
Set 49,2,9,3,4,8
Set 50,13,10,1,14,16
Set 51,15,10,14,11,8
Set 52,2,7,8,15,16
Set 53,5,8,3,4,15
Set 54,11,3,2,8,16
Set 55,3,2,8,10,11
Set 56,12,14,8,2,9
Set 57,16,5,13,3,8
Set 58,1,5,7,11,12
Set 59,4,13,11,5,8
Set 60,11,12,4,7,15
Set 61,16,11,15,4,3
Set 62,2,4,15,7,10
Set 63,14,16,15,1,7
Set 64,5,8,11,15,3
Set 65,13,2,1,10,7
Set 66,5,3,6,11,14
Set 67,3,8,12,13,4
Set 68,7,5,1,12,8
Set 69,10,3,9,7,6
Set 70,8,2,6,14,7
Set 71,13,3,10,4,11
Set 72,5,6,14,8,7
Set 73,4,1,6,10,5
Set 74,15,3,13,7,9
Set 75,3,2,5,9,15
Set 76,13,14,16,1,9
Set 77,10,4,8,1,15
Set 78,2,7,6,12,4
Set 79,10,12,5,13,14
Set 80,1,5,12,14,4
Set 81,11,13,8,2,14
Set 82,7,9,10,6,11
Set 83,8,7,12,16,5
Set 84,11,16,3,6,9
Set 85,1,13,10,8,5
Set 86,1,2,8,15,11
Set 87,5,6,4,7,16
Set 88,15,3,2,4,9
Set 89,4,5,9,15,6
Set 90,5,4,12,2,10
Set 91,15,5,3,14,10
Set 92,7,14,13,6,3
Set 93,14,15,10,3,12
Set 94,1,7,2,4,10
Set 95,6,14,15,11,3
Set 96,15,4,6,7,10
Set 97,5,7,3,4,1
Set 98,12,16,7,15,9
Set 99,13,4,2,14,3
Set 100,2,16,15,1,11
Set 101,9,13,15,5,4
Set 102,11,1,9,7,15
Set 103,13,2,10,4,15
Set 104,11,1,6,13,15
Set 105,13,3,9,2,5
Set 106,2,1,3,15,7
Set 107,9,8,3,4,2
Set 108,6,3,8,4,9
Set 109,8,6,2,13,16
Set 110,4,9,5,10,1
Set 111,8,4,6,5,1
Set 112,3,10,1,5,16
Set 113,10,3,15,13,16
Set 114,12,5,16,8,11
Set 115,8,13,4,12,10
Set 116,5,16,3,8,4
Set 117,6,3,1,15,9
Set 118,13,14,15,10,7
Set 119,15,11,6,9,10
Set 120,2,10,11,12,16
Set 121,9,3,13,15,8
Set 122,7,11,6,3,16
Set 123,7,1,9,5,10
Set 124,7,11,10,15,4
Set 125,14,2,4,13,9
Set 126,9,7,2,1,15
Set 127,12,15,14,5,6
Set 128,15,1,13,16,9
Set 129,12,8,15,7,1
Set 130,12,9,10,1,16
Set 131,2,8,9,13,7
Set 132,9,13,7,4,1
Set 133,14,8,13,16,1
Set 134,12,9,13,5,8
Set 135,5,9,14,6,2
Set 136,15,8,7,2,9
Set 137,6,9,8,2,4
Set 138,3,14,8,11,7
Set 139,3,7,10,4,12
Set 140,15,8,4,6,16
Set 141,4,16,5,11,8
Set 142,9,12,8,15,6
Set 143,1,9,13,14,6
Set 144,2,6,16,10,14
Set 145,8,3,5,14,4
Set 146,15,7,5,8,16
Set 147,4,5,16,1,12
Set 148,2,6,9,8,14
Set 149,13,5,3,10,1
Set 150,11,2,7,15,8
Set 151,16,11,8,2,9
Set 152,7,6,14,3,13
Set 153,5,1,9,13,14
Set 154,8,4,14,12,2
Set 155,13,12,3,5,6
Set 156,15,4,14,13,2
Set 157,1,9,14,16,15
Set 158,2,6,3,7,16
Set 159,14,3,10,16,5
Set 160,4,6,16,9,14
Set 161,2,14,12,13,1
Set 162,4,3,16,9,2
Set 163,3,13,4,12,9
Set 164,15,9,16,6,5
Set 165,6,14,12,5,16
Set 166,3,6,11,7,16
Set 167,4,13,9,15,6
Set 168,5,10,8,16,12
Set 169,4,1,6,14,12
Set 170,14,16,5,3,15
Set 171,9,2,7,13,16
Set 172,1,7,3,16,6
Set 173,12,7,4,10,3
Set 174,4,10,12,2,8
Set 175,3,7,2,8,1
Set 176,9,12,10,7,14
Set 177,6,7,8,10,12
Set 178,8,16,6,7,15
Set 179,11,9,4,5,10
Set 180,4,9,2,10,14
Set 181,3,10,7,16,11
Set 182,9,13,2,10,11
Set 183,3,12,13,8,14
Set 184,10,7,13,1,2
Set 185,5,9,11,15,13
Set 186,6,14,11,1,4
Set 187,13,14,1,8,6
Set 188,10,5,8,9,15
Set 189,13,10,12,16,4
Set 190,12,8,5,14,16
Set 191,3,9,10,5,11
Set 192,1,15,13,9,10
Set 193,8,3,7,4,1
Set 194,5,3,10,14,6
Set 195,8,2,9,7,13
Set 196,5,10,8,15,7
Set 197,5,15,3,1,11
Set 198,14,11,15,13,10
Set 199,4,7,1,16,2
Set 200,15,13,6,5,2
Set 201,7,4,5,12,9
Set 202,4,12,7,16,13
Set 203,1,11,12,14,13
Set 204,15,7,3,12,1
Set 205,12,11,9,3,16
Set 206,11,3,14,15,4
Set 207,8,13,16,3,7
Set 208,15,2,5,9,7
Set 209,13,5,10,14,3
Set 210,13,8,9,5,12
Set 211,8,12,7,9,10
Set 212,8,9,5,12,7
Set 213,2,8,4,5,12
Set 214,15,2,12,10,3
Set 215,5,15,6,13,11
Set 216,11,3,12,5,6
Set 217,10,5,8,13,15
Set 218,4,2,8,14,5
Set 219,8,16,2,7,12
Set 220,11,6,1,15,7
Set 221,11,7,14,5,6
Set 222,14,12,7,1,2
Set 223,8,9,6,12,11
Set 224,3,4,1,16,6
Set 225,2,15,10,13,4
Set 226,13,4,2,11,10
Set 227,5,4,8,16,15
Set 228,10,7,15,12,5
Set 229,16,14,3,7,15
Set 230,9,16,4,6,11
Set 231,4,8,7,2,14
Set 232,12,2,3,7,10
Set 233,1,6,8,10,9
Set 234,3,5,6,9,1
Set 235,11,4,16,14,13
Set 236,16,9,11,5,14
Set 237,13,6,9,16,2
Set 238,1,4,5,11,13
Set 239,11,3,13,5,12
Set 240,2,16,8,9,1
Set 241,8,4,2,5,14
Set 242,15,6,12,5,2
Set 243,6,2,11,14,8
Set 244,13,5,9,14,7
Set 245,5,12,6,2,1
Set 246,9,13,14,1,4
Set 247,5,15,2,14,8
Set 248,10,4,15,16,7
Set 249,6,11,8,10,12
Set 250,16,10,14,7,6
Set 251,14,10,5,16,2
Set 252,4,11,3,7,12
Set 253,14,13,3,16,6
Set 254,4,5,3,12,13
Set 255,8,9,5,4,14
Set 256,12,8,7,4,13
Set 257,16,11,9,12,3
Set 258,10,9,6,5,16
Set 259,5,14,6,10,9
Set 260,13,7,15,4,9
Set 261,3,8,6,13,1
Set 262,1,8,4,15,11
Set 263,11,2,5,3,14
Set 264,7,16,9,4,10
Set 265,16,2,6,11,13
Set 266,15,8,9,16,5
Set 267,1,14,15,9,3
Set 268,12,6,7,2,5
Set 269,16,14,5,2,15
Set 270,7,2,8,11,9
Set 271,3,14,2,13,16
Set 272,11,9,16,3,5
Set 273,5,3,16,10,8
Set 274,5,1,13,9,2
Set 275,8,5,11,16,15
Set 276,6,11,10,7,16
Set 277,15,12,6,10,2
Set 278,12,7,14,2,1
Set 279,9,1,4,16,8
Set 280,8,13,7,5,11
Set 281,10,13,7,9,1
Set 282,10,5,6,7,16
Set 283,16,15,5,1,4
Set 284,3,1,6,16,14
Set 285,16,1,12,7,14
Set 286,3,13,11,16,6
Set 287,14,6,4,2,1
Set 288,8,16,14,5,6
Set 289,12,15,9,13,7
Set 290,10,9,6,5,1
Set 291,3,6,12,5,1
Set 292,10,4,5,15,9
Set 293,8,10,16,6,7
Set 294,9,11,5,7,1
Set 295,13,11,14,15,16
Set 296,6,15,7,14,12
Set 297,6,7,15,10,9
Set 298,10,12,7,14,15
Set 299,3,13,1,14,7
Set 300,6,12,11,8,4
Set 301,16,14,9,10,7
Set 302,5,8,2,9,12
Set 303,9,5,12,2,6
Set 304,9,1,5,12,6
Set 305,4,12,6,13,3
Set 306,9,6,11,2,13
Set 307,4,7,8,14,13
Set 308,14,16,13,2,6
Set 309,16,4,10,14,5
Set 310,11,1,5,2,13
Set 311,6,15,4,16,14
Set 312,7,12,11,13,6
Set 313,9,2,3,16,13
Set 314,15,2,7,13,16
Set 315,11,10,14,15,1
Set 316,11,3,4,15,14
Set 317,5,3,14,10,15
Set 318,15,1,10,2,14
Set 319,14,6,12,13,4
Set 320,9,16,1,4,10
Set 321,9,10,8,16,2
Set 322,9,11,10,4,3
Set 323,15,3,8,2,5
Set 324,16,12,13,11,4
Set 325,15,12,6,1,16
Set 326,16,15,13,1,4
Set 327,12,1,16,9,15
Set 328,12,15,13,6,11
Set 329,16,14,15,3,12
Set 330,13,6,10,11,2
Set 331,4,3,2,1,6
Set 332,12,13,9,16,8
Set 333,5,13,8,3,2
Set 334,11,14,4,2,15
Set 335,12,5,10,13,6
Set 336,1,6,16,10,8
Set 337,15,11,14,2,6
Set 338,7,6,12,15,16
Set 339,5,16,14,8,12
Set 340,5,16,3,15,14
Set 341,10,14,16,9,12
Set 342,5,6,13,7,10
Set 343,14,3,11,9,4
Set 344,2,7,1,4,6
Set 345,16,6,10,4,7
Set 346,13,6,5,15,3
Set 347,13,4,5,16,15
Set 348,9,4,1,8,10
Set 349,13,15,1,3,6
Set 350,13,16,1,7,12
Set 351,5,7,16,4,10
Set 352,3,4,2,15,13
Set 353,14,10,9,5,12
Set 354,7,15,11,3,1
Set 355,1,6,12,14,4
Set 356,9,6,1,2,10
Set 357,3,5,16,9,7
Set 358,1,7,13,6,8
Set 359,1,5,8,10,2
Set 360,9,12,15,10,5
Set 361,2,10,6,11,4
Set 362,9,10,16,6,8
Set 363,5,3,13,15,4
Set 364,14,15,5,2,13
Set 365,7,16,12,14,4
Set 366,7,3,9,5,2
Set 367,12,2,13,3,10
Set 368,15,9,4,7,1
Set 369,9,11,12,16,3
Set 370,16,12,7,4,8
Set 371,6,11,15,8,12
Set 372,5,16,6,15,11
Set 373,5,7,12,3,1
Set 374,7,14,13,6,1
Set 375,9,7,4,8,6
Set 376,2,4,10,1,3
Set 377,14,13,9,8,16
Set 378,6,13,15,10,14
Set 379,14,15,12,7,9
Set 380,7,16,2,13,1
Set 381,14,12,2,16,11
Set 382,16,1,4,2,10
Set 383,16,7,12,6,2
Set 384,12,15,2,11,7
Set 385,11,5,13,14,6
Set 386,11,7,5,15,8
Set 387,4,1,6,3,7
Set 388,9,8,3,6,16
Set 389,7,5,15,13,14
Set 390,14,2,7,11,3
Set 391,9,8,14,2,10
Set 392,12,10,15,14,16
Set 393,2,4,5,7,11
Set 394,6,5,13,8,10
Set 395,10,7,3,13,5
Set 396,11,16,5,4,13
Set 397,12,9,14,3,6
Set 398,10,16,7,12,11
Set 399,10,2,9,8,14
Set 400,3,2,7,4,13
Set 401,14,9,6,4,15
Set 402,6,7,5,2,9
Set 403,15,3,8,6,1
Set 404,15,11,4,6,12
Set 405,1,14,6,16,10
Set 406,4,14,9,5,8
Set 407,8,15,6,9,3
Set 408,1,8,6,10,11
Set 409,9,7,14,16,13
Set 410,10,5,7,12,8
Set 411,9,11,4,3,14
Set 412,2,14,8,3,1
Set 413,10,1,13,11,2
Set 414,8,5,16,2,14
Set 415,3,5,14,2,16
Set 416,13,1,6,3,15
Set 417,3,11,2,15,5
Set 418,3,15,7,11,4
Set 419,12,16,9,8,4
Set 420,7,12,5,2,1
Set 421,8,15,12,5,14
Set 422,5,3,14,12,7
Set 423,7,9,15,4,16
Set 424,13,3,8,9,5
Set 425,1,7,15,16,12
Set 426,11,1,2,4,10
Set 427,2,11,3,7,14
Set 428,11,2,4,6,12
Set 429,4,3,11,9,14
Set 430,11,5,9,13,6
Set 431,7,14,6,13,16
Set 432,6,7,5,1,3
Set 433,9,15,1,3,10
Set 434,9,3,16,6,12
Set 435,4,11,8,9,2
Set 436,13,4,8,7,1
Set 437,15,16,10,1,2
Set 438,12,7,14,10,4
Set 439,1,16,11,5,15
Set 440,8,3,14,4,2
Set 441,4,1,15,13,10
Set 442,16,3,4,15,2
Set 443,14,6,3,8,10
Set 444,6,16,11,1,12
Set 445,5,4,16,12,9
Set 446,6,9,7,14,10
Set 447,6,16,2,13,10
Set 448,9,13,7,5,12
Set 449,1,9,7,8,12
Set 450,10,12,8,15,7
Set 451,15,5,3,13,7
Set 452,6,15,13,3,7
Set 453,5,15,10,9,3
Set 454,11,10,6,5,15
Set 455,1,5,14,10,8
Set 456,8,7,3,6,13
Set 457,8,6,12,7,9
Set 458,10,12,2,14,8
Set 459,7,1,14,6,3
Set 460,8,16,3,7,11
Set 461,13,12,15,1,6
Set 462,7,1,14,10,8
Set 463,13,2,8,1,15
Set 464,3,15,4,14,9
Set 465,7,15,11,16,13
Set 466,5,1,7,3,14
Set 467,5,8,6,3,16
Set 468,12,2,1,16,15
Set 469,10,3,14,7,6
Set 470,3,13,16,4,10
Set 471,11,10,5,16,12
Set 472,1,13,8,6,7
Set 473,7,8,5,13,2
Set 474,12,1,16,3,10
Set 475,5,1,4,2,6
Set 476,16,7,13,3,9
Set 477,16,5,4,7,3
Set 478,5,6,16,12,9
Set 479,2,8,16,9,13
Set 480,2,16,3,11,15
Set 481,14,10,16,12,13
Set 482,4,12,5,8,9
Set 483,6,16,10,9,1
Set 484,15,9,8,6,12
Set 485,1,2,8,4,15
Set 486,9,6,8,13,4
Set 487,12,9,8,2,14
Set 488,10,16,14,1,11
Set 489,4,5,13,14,1
Set 490,12,11,2,3,4
Set 491,11,12,7,13,3
Set 492,14,6,12,11,15
Set 493,2,7,11,10,9
Set 494,5,11,12,6,8
Set 495,13,3,14,8,11
Set 496,7,14,1,5,3
Set 497,10,4,1,5,11
Set 498,10,8,11,5,7
Set 499,14,13,11,12,16
Set 500,4,6,7,14,5
Set 501,15,16,11,4,3
Set 502,3,13,15,7,9
Set 503,15,14,9,5,13
Set 504,1,4,2,11,3
Set 505,3,16,5,9,6
Set 506,5,13,6,9,8
Set 507,1,5,11,6,8
Set 508,12,4,14,15,5
Set 509,8,11,14,1,7
Set 510,1,3,2,7,12
Set 511,11,14,9,5,4
Set 512,5,4,6,11,15
Set 513,15,11,9,14,10
Set 514,9,11,13,5,3
Set 515,9,7,12,16,6
Set 516,14,13,10,6,15
Set 517,7,15,9,12,1
Set 518,14,7,5,8,15
Set 519,6,12,11,16,3
Set 520,13,5,1,12,10
Set 521,10,2,8,11,16
Set 522,9,3,16,15,14
Set 523,7,11,12,15,1
Set 524,7,10,4,13,3
Set 525,10,3,12,5,14
Set 526,14,9,1,2,7
Set 527,2,16,3,13,7
Set 528,15,14,7,3,8
Set 529,9,13,5,4,11
Set 530,7,4,15,5,3
Set 531,2,10,6,4,1
Set 532,7,8,4,5,13
Set 533,4,11,13,9,8
Set 534,4,6,13,15,14
Set 535,10,6,11,4,2
Set 536,2,9,16,11,6
Set 537,12,11,3,10,13
Set 538,5,11,7,3,16
Set 539,15,8,12,14,4
Set 540,4,7,13,5,8
Set 541,11,6,9,13,3
Set 542,11,2,15,9,12
Set 543,8,6,14,11,16
Set 544,15,10,6,11,12
Set 545,4,6,7,13,3
Set 546,11,2,6,4,7
Set 547,1,11,2,10,4
Set 548,5,3,11,7,12
Set 549,13,16,10,15,4
Set 550,12,1,4,14,9
Set 551,8,10,9,13,12
Set 552,13,6,2,5,8
Set 553,9,10,1,7,3
Set 554,8,6,5,15,7
Set 555,15,4,5,8,1
Set 556,2,6,4,10,15
Set 557,1,9,10,5,11
Set 558,11,8,16,1,6
Set 559,8,13,10,3,14
Set 560,14,2,15,3,6
Set 561,4,15,14,5,3
Set 562,10,2,14,6,12
Set 563,13,9,15,7,3
Set 564,10,13,1,16,12
Set 565,8,16,12,11,1
Set 566,11,9,14,16,3
Set 567,10,8,6,12,7
Set 568,14,8,15,9,10
Set 569,13,11,15,3,4
Set 570,4,15,10,5,1
Set 571,8,7,15,12,16
Set 572,10,2,3,8,12
Set 573,10,1,5,15,13
Set 574,10,12,4,2,8
Set 575,15,2,12,3,8
Set 576,1,8,5,13,10
Set 577,6,2,3,15,10
Set 578,1,7,10,12,14
Set 579,9,15,10,14,12
Set 580,9,5,10,16,11
Set 581,14,16,11,12,13
Set 582,14,12,10,2,13
Set 583,14,3,8,13,9
Set 584,5,9,8,6,2
Set 585,15,4,8,13,3
Set 586,6,12,2,3,16
Set 587,9,16,1,4,7
Set 588,3,1,12,2,6
Set 589,6,1,11,5,15
Set 590,8,7,6,5,16
Set 591,1,11,7,10,12
Set 592,15,12,1,10,11
Set 593,8,2,9,12,3
Set 594,6,4,1,2,14
Set 595,3,15,14,5,7
Set 596,15,9,12,14,13
Set 597,6,13,5,14,12
Set 598,16,15,13,9,3
Set 599,7,13,16,15,14
Set 600,6,1,5,7,10
Set 601,1,3,2,16,13
Set 602,7,16,13,2,4
Set 603,10,9,7,5,15
Set 604,11,4,3,16,2
Set 605,4,3,7,14,16
Set 606,3,8,9,14,2
Set 607,13,15,3,5,7
Set 608,8,15,10,5,16
Set 609,2,4,10,3,7
Set 610,5,3,15,11,13
Set 611,16,11,4,5,7
Set 612,4,6,9,8,14
Set 613,7,3,10,8,5
Set 614,13,14,12,10,15
Set 615,13,1,11,2,9
Set 616,1,15,5,9,7
Set 617,16,15,10,7,1
Set 618,2,8,16,3,7
Set 619,10,4,13,3,5
Set 620,9,15,13,3,12
Set 621,8,2,6,3,16
Set 622,5,15,4,12,16
Set 623,1,9,15,10,5
Set 624,12,16,9,8,2
Set 625,5,4,16,11,3
Set 626,8,9,16,14,2
Set 627,16,12,15,8,10
Set 628,16,5,14,11,4
Set 629,1,12,10,4,7
Set 630,7,2,4,12,13
Set 631,1,14,4,15,11
Set 632,13,8,15,10,12
Set 633,10,12,6,14,13
Set 634,5,1,2,6,14
Set 635,10,13,4,1,16
Set 636,9,15,10,13,6
Set 637,3,1,16,15,6
Set 638,4,14,7,11,10
Set 639,10,5,11,12,15
Set 640,1,5,13,11,15
Set 641,7,10,16,13,2
Set 642,10,2,15,11,1
Set 643,13,6,9,12,15
Set 644,1,11,12,9,15
Set 645,1,5,11,16,2
Set 646,10,14,5,1,16
Set 647,9,16,13,15,10
Set 648,9,14,2,4,10
Set 649,7,9,10,11,13
Set 650,10,8,2,13,3
Set 651,7,1,6,3,15
Set 652,7,5,2,9,16
Set 653,6,5,16,9,12
Set 654,2,16,10,7,11
Set 655,3,6,5,16,10
Set 656,9,11,5,3,1
Set 657,16,3,8,9,6
Set 658,7,12,5,10,9
Set 659,15,3,11,1,6
Set 660,9,12,2,5,3
Set 661,7,13,12,15,10
Set 662,4,14,6,5,11
Set 663,14,4,10,11,15
Set 664,15,13,8,12,5
Set 665,14,12,5,10,3
Set 666,6,4,2,12,5
Set 667,8,2,7,12,1
Set 668,5,11,12,1,15
Set 669,11,14,2,5,13
Set 670,15,3,12,14,5
Set 671,8,7,11,16,14
Set 672,12,16,7,15,4
Set 673,10,6,9,4,16
Set 674,9,8,15,1,2
Set 675,12,1,10,7,2
Set 676,2,8,13,5,7
Set 677,5,6,1,11,10
Set 678,6,1,2,11,5
Set 679,13,2,5,16,1
Set 680,6,10,14,3,15
Set 681,6,11,13,4,8
Set 682,2,1,3,16,7
Set 683,12,1,3,2,4
Set 684,13,5,10,15,11
Set 685,15,11,16,10,4
Set 686,9,16,3,6,10
Set 687,8,13,9,10,7
Set 688,1,5,10,12,9
Set 689,10,4,5,16,6
Set 690,1,15,12,13,7
Set 691,1,7,16,11,2
Set 692,5,15,3,9,4
Set 693,2,5,12,15,14
Set 694,7,14,15,10,11
Set 695,6,15,5,4,8
Set 696,15,7,8,5,10
Set 697,11,9,2,15,12
Set 698,7,10,1,11,12
Set 699,9,8,6,7,11
Set 700,16,15,6,9,7
Set 701,14,15,1,6,3
Set 702,8,5,14,6,12
Set 703,11,13,3,14,10
Set 704,12,7,10,4,13
Set 705,13,11,12,8,2
Set 706,8,9,16,12,14
Set 707,7,6,9,8,16
Set 708,16,14,13,1,6
Set 709,14,13,16,15,8
Set 710,2,8,7,15,6
Set 711,10,7,5,14,2
Set 712,12,8,1,14,10
Set 713,16,13,4,1,15
Set 714,4,5,16,10,1
Set 715,6,16,1,13,15
Set 716,14,7,16,10,6
Set 717,8,7,2,3,9
Set 718,10,6,11,12,5
Set 719,8,16,7,4,2
Set 720,9,8,11,2,6
Set 721,7,1,4,16,3
Set 722,3,2,15,7,1
Set 723,14,16,1,13,3
Set 724,8,14,13,4,15
Set 725,10,9,15,12,14
Set 726,9,13,6,15,2
Set 727,10,5,11,3,8
Set 728,1,2,4,6,15
Set 729,13,2,11,16,10
Set 730,13,2,11,9,10
Set 731,15,9,11,5,14
Set 732,3,6,1,7,13
Set 733,16,4,9,2,10
Set 734,16,9,13,6,15
Set 735,3,11,1,12,13
Set 736,9,1,12,7,5
Set 737,12,6,16,2,1
Set 738,5,9,4,13,16
Set 739,5,8,11,14,3
Set 740,14,15,2,5,13
Set 741,1,3,14,13,2
Set 742,6,2,8,15,5
Set 743,10,1,5,3,14
Set 744,11,4,10,13,1
Set 745,6,4,11,14,16
Set 746,6,8,3,9,16
Set 747,2,7,14,15,10
Set 748,9,11,8,6,13
Set 749,4,13,10,6,7
Set 750,10,15,9,14,1
Set 751,12,3,2,13,6
Set 752,10,4,16,6,5
Set 753,7,1,9,4,12
Set 754,10,15,8,3,11
Set 755,15,16,2,14,6
Set 756,2,3,13,10,5
Set 757,16,14,15,11,12
Set 758,9,8,6,14,10
Set 759,6,14,11,5,8
Set 760,14,9,12,4,15
Set 761,16,8,1,13,6
Set 762,3,2,15,16,7
Set 763,15,13,10,9,11
Set 764,1,13,7,11,15
Set 765,7,15,9,13,10
Set 766,8,5,14,3,6
Set 767,2,11,13,16,9
Set 768,3,6,15,13,14
Set 769,3,2,12,15,8
Set 770,10,3,12,11,15
Set 771,4,16,13,6,14
Set 772,8,4,2,1,12
Set 773,10,16,15,8,13
Set 774,1,13,2,10,7
Set 775,8,6,9,1,15
Set 776,1,14,3,15,13
Set 777,3,8,1,15,10
Set 778,3,11,14,10,13
Set 779,15,14,5,16,4
Set 780,1,11,2,7,4
Set 781,15,6,2,4,5
Set 782,8,5,3,15,4
Set 783,4,1,9,13,5
Set 784,11,2,15,14,3
Set 785,16,6,1,4,9
Set 786,2,12,8,10,16
Set 787,10,9,16,2,11
Set 788,15,9,16,7,5
Set 789,8,3,11,7,2
Set 790,3,11,4,14,8
Set 791,5,2,16,14,8
Set 792,8,1,9,14,4
Set 793,13,4,2,8,1
Set 794,13,15,14,5,11
Set 795,14,4,5,1,11
Set 796,6,5,16,15,10
Set 797,6,13,1,16,9
Set 798,10,13,1,15,5
Set 799,13,10,4,7,12
Set 800,10,2,14,8,16
Set 801,11,6,7,3,2
Set 802,15,11,10,4,7
Set 803,5,3,13,12,15
Set 804,1,14,6,12,5
Set 805,11,4,7,16,13
Set 806,10,4,2,8,6
Set 807,4,16,1,6,8
Set 808,4,3,7,2,6
Set 809,6,9,7,14,10
Set 810,5,10,4,2,6
Set 811,4,11,5,10,13
Set 812,3,8,6,4,9
Set 813,6,16,12,7,5
Set 814,16,5,10,8,13
Set 815,5,9,10,1,3
Set 816,2,16,6,15,13
Set 817,10,15,7,14,4
Set 818,6,9,16,7,15
Set 819,13,16,10,9,11
Set 820,1,12,10,9,16
Set 821,9,2,7,10,8
Set 822,4,9,15,14,2
Set 823,13,4,7,9,12
Set 824,2,16,6,13,9
Set 825,16,14,8,13,9
Set 826,16,5,1,2,11
Set 827,13,3,1,6,12
Set 828,11,7,5,14,9
Set 829,11,2,5,12,1
Set 830,11,14,5,9,2
Set 831,12,4,3,16,10
Set 832,7,15,3,14,16
Set 833,3,6,11,2,12
Set 834,12,6,9,1,8
Set 835,11,4,8,1,3
Set 836,1,6,5,9,14
Set 837,4,14,6,11,15
Set 838,13,1,12,16,11
Set 839,7,10,14,15,8
Set 840,6,10,13,3,1
Set 841,4,15,10,9,11
Set 842,4,5,8,12,11
Set 843,8,7,2,9,3
Set 844,1,2,7,5,14
Set 845,5,7,11,1,13
Set 846,12,15,4,9,2
Set 847,10,8,7,3,15
Set 848,15,6,11,12,5
Set 849,14,4,2,8,6
Set 850,8,7,12,16,14
Set 851,1,5,13,9,7
Set 852,8,15,5,16,3
Set 853,16,12,15,7,5
Set 854,14,8,1,5,4
Set 855,6,4,1,9,15
Set 856,10,13,16,12,3
Set 857,13,7,1,3,5
Set 858,4,3,8,5,9
Set 859,6,2,14,12,9
Set 860,4,2,15,16,9
Set 861,9,16,6,12,4
Set 862,10,12,13,9,14
Set 863,12,2,9,6,7
Set 864,6,15,5,1,2
Set 865,6,14,3,1,5
Set 866,16,15,6,3,11
Set 867,15,11,4,9,6
Set 868,8,3,13,10,1
Set 869,11,2,10,12,6
Set 870,10,3,8,14,7
Set 871,5,4,10,16,8
Set 872,4,5,13,8,1
Set 873,16,1,13,4,3
Set 874,1,3,10,15,7
Set 875,9,15,5,7,4
Set 876,2,3,8,4,1
Set 877,3,2,4,15,7
Set 878,5,9,3,14,13
Set 879,8,3,16,11,14
Set 880,2,14,10,5,12
Set 881,11,13,8,15,14
Set 882,11,15,13,2,5
Set 883,15,11,9,12,5
Set 884,8,12,16,13,4
Set 885,9,4,1,3,10
Set 886,10,8,13,6,9
Set 887,9,2,6,13,4
Set 888,15,13,6,9,11
Set 889,2,16,15,4,5
Set 890,1,8,16,4,3
Set 891,3,7,12,14,15
Set 892,12,4,13,7,3
Set 893,14,6,13,16,5
Set 894,11,5,10,4,3
Set 895,3,11,15,10,16
Set 896,10,16,9,13,4
Set 897,9,11,16,8,12
Set 898,1,8,7,3,13
Set 899,5,1,2,14,13
Set 900,8,4,13,3,16
Set 901,4,14,7,2,9
Set 902,13,3,11,4,2
Set 903,11,3,1,4,8
Set 904,2,4,13,16,7
Set 905,11,6,1,7,16
Set 906,4,7,5,3,14
Set 907,7,13,12,11,9
Set 908,9,1,12,8,13
Set 909,6,15,3,10,1
Set 910,14,12,13,11,10
Set 911,5,3,15,2,12
Set 912,5,6,8,12,16
Set 913,9,13,10,7,4
Set 914,4,6,14,3,12
Set 915,5,2,9,3,14
Set 916,10,11,15,9,1
Set 917,11,6,15,10,16
Set 918,11,6,3,8,7
Set 919,3,14,5,15,4
Set 920,2,13,12,3,15
Set 921,15,3,16,10,9
Set 922,15,2,13,10,3
Set 923,8,2,13,16,12
Set 924,9,5,15,1,13
Set 925,13,8,6,7,14
Set 926,14,15,5,16,11
Set 927,4,9,11,6,8
Set 928,9,2,16,14,13
Set 929,13,7,1,3,5
Set 930,7,4,15,2,1
Set 931,8,10,2,7,13
Set 932,7,2,9,3,13
Set 933,7,15,5,6,11
Set 934,13,2,14,8,16
Set 935,4,13,7,1,3
Set 936,4,12,11,3,6
Set 937,13,8,2,15,11
Set 938,2,12,7,15,1
Set 939,16,14,12,7,3
Set 940,13,2,14,15,3
Set 941,1,10,11,12,16
Set 942,11,6,15,5,12
Set 943,4,6,14,10,5
Set 944,16,9,14,12,11
Set 945,10,15,13,16,11
Set 946,4,6,12,14,9
Set 947,14,12,1,16,10
Set 948,15,10,4,12,14
Set 949,13,14,7,12,11
Set 950,6,2,8,13,11
Set 951,10,11,12,15,9
Set 952,1,13,12,4,8
Set 953,1,6,16,8,9
Set 954,13,4,9,15,7
Set 955,16,8,15,5,6
Set 956,7,13,1,4,12
Set 957,11,10,12,15,6
Set 958,8,4,5,6,11
Set 959,4,7,16,3,8
Set 960,4,1,13,7,15
Set 961,12,7,15,10,14
Set 962,13,9,14,8,4
Set 963,15,6,1,12,11
Set 964,3,6,12,13,16
Set 965,6,4,8,12,5
Set 966,5,4,13,16,14
Set 967,4,3,9,8,16
Set 968,14,5,1,13,12
Set 969,15,9,11,4,14
Set 970,15,9,11,3,5
Set 971,2,6,4,7,5
Set 972,5,4,1,7,16
Set 973,7,11,1,10,13
Set 974,8,3,9,5,1
Set 975,3,6,4,15,13
Set 976,16,4,10,14,12
Set 977,11,12,10,6,1
Set 978,3,5,7,4,9
Set 979,13,10,9,2,1
Set 980,8,14,4,3,2
Set 981,4,6,14,9,13
Set 982,4,8,6,3,7
Set 983,15,4,16,1,8
Set 984,9,7,15,8,1
Set 985,16,3,11,13,2
Set 986,8,15,13,16,4
Set 987,8,3,6,15,14
Set 988,12,5,13,1,14
Set 989,10,7,2,13,9
Set 990,9,1,16,12,4
Set 991,15,8,6,16,4
Set 992,14,13,4,12,16
Set 993,14,8,12,4,6
Set 994,3,11,8,12,9
Set 995,16,9,13,5,7
Set 996,10,13,4,16,9
Set 997,12,7,5,10,13
Set 998,4,8,2,12,7
Set 999,4,10,13,5,12
Set 1000,13,9,4,14,7
Set 1001,15,11,1,2,8
Set 1002,4,14,2,11,12
Set 1003,5,15,1,7,16
Set 1004,16,2,5,4,1
Set 1005,2,7,5,15,6
Set 1006,14,1,4,16,7
Set 1007,6,13,11,1,4
Set 1008,2,10,6,14,1
Set 1009,12,6,11,1,5
Set 1010,8,1,12,13,4
Set 1011,11,10,15,6,3
Set 1012,10,6,3,9,14
Set 1013,11,6,15,5,14
Set 1014,3,11,9,2,8
Set 1015,11,9,12,10,4
Set 1016,16,6,10,5,9
Set 1017,16,14,10,3,2
Set 1018,9,16,12,4,11
Set 1019,6,3,14,1,5
Set 1020,4,5,2,7,8
Set 1021,2,11,8,12,16
Set 1022,13,6,15,4,10
Set 1023,8,11,15,6,12
Set 1024,8,1,4,15,12
Set 1025,15,6,4,1,2
Set 1026,14,6,10,13,4
Set 1027,8,12,5,9,15
Set 1028,13,16,7,6,3
Set 1029,10,14,3,15,4
Set 1030,2,16,15,6,1
Set 1031,2,3,1,6,15
Set 1032,16,4,8,12,2
Set 1033,3,4,1,8,11
Set 1034,3,2,4,11,15
Set 1035,2,8,16,6,11
Set 1036,7,8,3,14,5
Set 1037,9,4,1,16,2
Set 1038,6,10,5,15,14
Set 1039,7,16,4,14,2
Set 1040,7,13,16,3,10
Set 1041,7,15,10,11,14
Set 1042,15,5,4,10,6
Set 1043,4,7,3,14,12
Set 1044,5,11,16,9,13
Set 1045,12,3,5,2,4
Set 1046,4,9,14,15,12
Set 1047,6,13,8,9,7
Set 1048,14,12,3,7,9
Set 1049,1,12,15,4,5
Set 1050,11,8,12,3,5
Set 1051,12,5,11,14,9
Set 1052,16,13,3,11,14
Set 1053,12,11,5,16,3
Set 1054,13,6,1,9,14
Set 1055,11,15,3,10,9
Set 1056,11,9,4,8,5
Set 1057,14,12,2,3,15
Set 1058,7,2,12,14,6
Set 1059,13,2,16,1,15
Set 1060,12,8,7,6,16
Set 1061,15,10,14,6,2
Set 1062,9,2,12,13,16
Set 1063,12,11,7,4,13
Set 1064,8,15,16,7,6
Set 1065,15,12,1,14,7
Set 1066,4,1,5,6,8
Set 1067,2,10,11,7,15
Set 1068,6,12,10,1,7
Set 1069,16,4,2,8,12
Set 1070,8,3,12,7,6
Set 1071,16,9,1,15,4
Set 1072,8,14,12,11,4
Set 1073,15,6,16,11,14
Set 1074,7,3,10,14,2
Set 1075,6,12,5,3,8
Set 1076,11,9,16,2,4
Set 1077,9,4,15,7,3
Set 1078,15,1,3,14,11
Set 1079,13,9,8,6,4
Set 1080,2,11,16,8,15
Set 1081,6,5,9,14,8
Set 1082,1,10,7,13,8
Set 1083,14,8,2,7,6
Set 1084,8,10,14,11,6
Set 1085,13,11,5,16,10
Set 1086,12,13,2,3,4
Set 1087,8,10,9,14,15
Set 1088,4,2,11,14,13
Set 1089,8,12,9,1,4
Set 1090,1,5,4,6,9
Set 1091,12,11,4,8,16
Set 1092,9,10,11,12,14
Set 1093,8,15,16,11,1
Set 1094,1,7,10,5,4
Set 1095,11,13,10,7,12
Set 1096,6,14,2,12,1
Set 1097,2,11,4,5,13
Set 1098,14,15,10,1,16
Set 1099,14,10,7,2,16
Set 1100,15,10,5,4,3
Set 1101,13,14,15,9,12
Set 1102,15,16,11,14,10
Set 1103,10,8,6,9,13
Set 1104,2,11,4,3,1
Set 1105,10,11,5,6,15
Set 1106,13,8,16,14,4
Set 1107,15,16,10,11,6
Set 1108,14,8,12,13,9
Set 1109,16,5,11,4,2
Set 1110,9,5,7,8,12
Set 1111,10,13,15,3,9
Set 1112,12,5,11,15,3
Set 1113,14,11,9,2,10
Set 1114,1,13,11,15,10
Set 1115,16,14,11,7,6
Set 1116,10,6,3,12,1
Set 1117,12,1,3,10,11
Set 1118,16,3,1,4,10
Set 1119,4,1,7,2,5
Set 1120,14,7,13,15,1
Set 1121,6,3,16,9,4
Set 1122,5,8,3,9,4
Set 1123,3,2,9,15,12
Set 1124,12,16,10,2,13
Set 1125,3,11,7,13,16
Set 1126,13,15,16,11,6
Set 1127,8,16,15,5,12
Set 1128,13,5,6,9,7
Set 1129,11,4,7,3,14
Set 1130,3,5,4,8,12
Set 1131,1,14,9,13,8
Set 1132,12,13,5,3,1
Set 1133,9,4,1,5,11
Set 1134,8,12,10,15,4
Set 1135,10,16,1,8,2
Set 1136,5,15,4,7,2
Set 1137,1,10,2,12,15
Set 1138,3,9,4,16,7
Set 1139,1,13,2,12,14
Set 1140,16,8,3,7,2
Set 1141,8,4,10,7,16
Set 1142,7,1,5,8,6
Set 1143,11,16,8,4,3
Set 1144,11,12,5,10,4
Set 1145,12,8,1,11,2
Set 1146,13,11,1,16,3
Set 1147,2,12,7,4,5
Set 1148,16,12,8,7,13
Set 1149,15,3,7,14,10
Set 1150,10,6,12,2,9
Set 1151,6,5,3,2,15
Set 1152,5,8,15,16,2
Set 1153,4,2,8,6,15
Set 1154,13,7,6,9,11
Set 1155,15,12,7,8,2
Set 1156,4,3,9,2,15
Set 1157,5,1,3,4,8
Set 1158,16,11,7,3,15
Set 1159,12,7,16,15,4
Set 1160,12,1,11,8,10
Set 1161,7,6,5,11,10
Set 1162,14,8,16,10,4
Set 1163,1,13,8,4,10
Set 1164,3,13,15,16,4
Set 1165,3,7,15,1,11
Set 1166,2,16,15,14,10
Set 1167,5,8,7,13,14
Set 1168,11,15,2,9,16
Set 1169,3,8,13,16,15
Set 1170,3,14,12,2,15
Set 1171,12,8,11,15,3
Set 1172,16,8,10,15,2
Set 1173,9,13,8,4,15
Set 1174,6,8,9,11,16
Set 1175,13,3,11,6,16
Set 1176,4,2,3,5,15
Set 1177,13,15,2,4,16
Set 1178,14,2,16,11,8
Set 1179,2,3,14,8,4
Set 1180,16,9,5,4,14
Set 1181,13,12,6,16,10
Set 1182,4,8,6,14,12
Set 1183,2,13,10,8,1
Set 1184,10,8,11,12,1
Set 1185,1,12,3,16,4
Set 1186,14,12,6,15,2
Set 1187,2,14,10,12,9
Set 1188,16,10,1,11,7
Set 1189,9,2,8,12,15
Set 1190,1,13,12,6,4
Set 1191,8,3,10,12,4
Set 1192,7,12,2,3,14
Set 1193,10,15,8,5,7
Set 1194,16,10,8,7,14
Set 1195,4,7,16,9,12
Set 1196,6,16,1,7,8
Set 1197,7,11,5,10,12
Set 1198,16,6,7,9,14
Set 1199,1,5,15,8,7
Set 1200,5,9,4,6,15
Set 1201,8,12,9,6,3
Set 1202,12,14,1,8,3
Set 1203,9,16,3,4,12
Set 1204,15,12,2,9,7
Set 1205,12,1,5,6,2
Set 1206,11,15,12,13,3
Set 1207,3,4,2,13,11
Set 1208,13,12,3,1,9
Set 1209,3,9,6,14,11
Set 1210,11,5,8,13,14
Set 1211,2,9,11,3,10
Set 1212,8,7,11,13,9
Set 1213,15,10,7,14,1
Set 1214,3,15,12,1,6
Set 1215,16,1,10,9,8
Set 1216,15,14,4,8,2
Set 1217,16,3,2,14,6
Set 1218,10,6,16,15,8
Set 1219,5,15,10,16,4
Set 1220,5,16,1,6,11
Set 1221,16,2,13,8,6
Set 1222,8,5,4,15,10
Set 1223,6,1,15,14,8
Set 1224,11,9,2,3,13
Set 1225,3,5,9,8,7
Set 1226,12,2,9,8,13
Set 1227,6,9,16,13,15
Set 1228,3,12,2,11,9
Set 1229,15,10,3,5,13
Set 1230,9,16,8,1,6
Set 1231,3,16,10,4,7
Set 1232,9,14,12,16,15
Set 1233,9,10,1,4,12
Set 1234,13,4,3,9,15
Set 1235,9,16,12,14,4
Set 1236,12,2,9,7,10
Set 1237,14,9,5,7,13
Set 1238,16,4,1,9,6
Set 1239,5,16,13,4,8
Set 1240,1,5,10,6,2
Set 1241,2,14,12,4,8
Set 1242,11,12,13,2,8
Set 1243,5,4,11,15,2
Set 1244,15,12,16,8,2
Set 1245,13,12,16,2,11
Set 1246,16,10,11,3,9
Set 1247,13,6,8,1,2
Set 1248,1,4,11,16,15
Set 1249,6,7,13,2,10
Set 1250,15,5,2,9,13
Set 1251,11,2,5,15,13
Set 1252,3,11,4,15,6
Set 1253,13,14,6,12,1
Set 1254,8,15,9,5,14
Set 1255,15,11,8,12,13
Set 1256,13,5,9,14,3
Set 1257,2,3,16,15,12
Set 1258,14,3,4,16,5
Set 1259,14,16,4,5,3
Set 1260,1,14,13,10,5
Set 1261,11,6,10,4,1
Set 1262,16,8,10,5,6
Set 1263,7,11,10,3,9
Set 1264,1,5,3,9,15
Set 1265,7,3,10,2,9
Set 1266,15,5,9,10,11
Set 1267,12,14,15,1,4
Set 1268,16,1,4,8,14
Set 1269,4,8,10,7,15
Set 1270,7,15,14,2,10
Set 1271,16,12,10,6,2
Set 1272,10,6,4,16,5
Set 1273,8,3,16,13,12
Set 1274,2,14,4,10,7
Set 1275,11,7,3,2,1
Set 1276,3,5,4,7,8
Set 1277,6,7,1,5,9
Set 1278,14,13,1,5,6
Set 1279,4,10,5,6,1
Set 1280,3,8,11,6,1
Set 1281,1,2,14,9,8
Set 1282,10,5,15,8,6
Set 1283,1,2,11,15,5
Set 1284,12,13,4,1,10
Set 1285,12,6,11,5,13
Set 1286,12,1,14,11,7
Set 1287,7,13,8,15,3
Set 1288,6,3,9,5,8
Set 1289,4,5,2,8,14
Set 1290,5,10,15,8,4
Set 1291,10,9,13,15,6
Set 1292,2,6,7,1,3
Set 1293,9,4,8,7,14
Set 1294,13,9,14,15,2
Set 1295,11,2,9,14,16
Set 1296,8,4,14,1,10
Set 1297,2,13,11,16,10
Set 1298,12,7,14,8,5
Set 1299,16,15,9,12,3
Set 1300,12,2,16,11,9
Set 1301,8,5,11,16,14
Set 1302,2,13,5,12,15
Set 1303,4,15,7,10,2
Set 1304,8,13,4,3,9
Set 1305,1,4,7,12,16
Set 1306,9,2,10,7,6
Set 1307,7,16,10,13,14
Set 1308,8,10,4,7,11
Set 1309,9,16,15,4,1
Set 1310,8,12,1,14,13
Set 1311,5,13,14,9,6
Set 1312,11,14,13,8,2
Set 1313,7,9,5,15,13
Set 1314,8,10,12,5,15
Set 1315,8,6,9,16,2
Set 1316,10,16,8,14,11
Set 1317,6,2,15,16,4
Set 1318,10,16,3,12,1
Set 1319,14,8,15,4,11
Set 1320,15,9,2,5,8
Set 1321,9,8,5,15,2
Set 1322,10,12,7,13,3
Set 1323,10,16,5,2,7
Set 1324,14,6,5,4,13
Set 1325,2,1,16,10,13
Set 1326,15,7,2,6,12
Set 1327,4,11,8,10,7
Set 1328,6,7,8,4,2
Set 1329,7,12,14,5,16
Set 1330,1,7,5,11,6
Set 1331,5,16,15,8,9
Set 1332,15,11,5,4,12
Set 1333,2,7,16,1,10
Set 1334,7,4,1,9,2
Set 1335,5,2,11,14,6
Set 1336,2,14,8,9,13
Set 1337,11,10,7,16,15
Set 1338,14,13,9,7,4
Set 1339,10,7,8,5,1
Set 1340,3,15,11,14,5
Set 1341,1,9,12,2,5
Set 1342,2,4,14,16,3
Set 1343,11,1,6,12,3
Set 1344,7,5,14,1,13
Set 1345,12,15,5,1,2
Set 1346,16,14,1,8,12
Set 1347,8,4,3,11,13
Set 1348,15,8,10,3,11
Set 1349,13,9,1,12,8
Set 1350,1,16,12,8,4
Set 1351,2,10,12,11,7
Set 1352,8,16,2,3,4
Set 1353,10,1,3,9,7
Set 1354,12,5,10,1,16
Set 1355,7,14,4,16,13
Set 1356,13,9,16,7,3
Set 1357,12,2,7,3,14
Set 1358,4,14,3,9,12
Set 1359,2,12,4,5,9
Set 1360,8,10,11,5,3
Set 1361,16,8,15,3,10
Set 1362,3,5,6,1,15
Set 1363,12,6,11,10,4
Set 1364,13,4,9,12,14
Set 1365,7,14,2,11,10
Set 1366,1,9,12,10,15
Set 1367,3,7,4,14,6
Set 1368,8,11,5,2,15
Set 1369,4,14,11,5,12
Set 1370,13,9,7,3,2
Set 1371,2,16,15,7,8
Set 1372,6,12,9,2,10
Set 1373,7,8,4,13,6
Set 1374,12,3,15,1,2
Set 1375,5,11,9,1,7
Set 1376,15,2,11,1,5
Set 1377,1,9,12,3,8
Set 1378,2,14,10,8,15
Set 1379,14,11,8,1,15
Set 1380,6,3,5,14,2
Set 1381,6,14,5,7,9
Set 1382,5,3,1,12,2
Set 1383,6,15,3,1,11
Set 1384,5,10,8,12,1
Set 1385,14,15,11,10,4
Set 1386,9,15,3,10,11
Set 1387,1,5,9,6,2
Set 1388,8,9,16,15,13
Set 1389,8,2,11,9,16
Set 1390,9,2,15,12,3
Set 1391,16,6,4,14,15
Set 1392,16,14,2,7,12
Set 1393,11,15,7,13,6
Set 1394,8,2,3,14,11
Set 1395,7,8,5,3,10
Set 1396,2,12,5,15,4
Set 1397,14,3,1,10,2
Set 1398,11,6,3,10,16
Set 1399,8,1,3,14,10
Set 1400,5,9,16,8,4
Set 1401,8,10,13,3,14
Set 1402,5,3,16,15,10
Set 1403,16,12,13,5,14
Set 1404,11,16,14,9,13
Set 1405,6,11,14,8,1
Set 1406,6,5,3,2,8
Set 1407,7,3,6,2,10
Set 1408,4,3,11,10,7
Set 1409,5,14,4,8,10
Set 1410,16,10,4,13,2
Set 1411,16,15,6,3,1
Set 1412,5,6,4,7,12
Set 1413,1,2,13,5,10
Set 1414,6,16,9,11,15
Set 1415,11,3,12,9,14
Set 1416,7,6,16,11,3
Set 1417,16,4,5,11,1
Set 1418,8,6,7,15,16
Set 1419,3,7,6,1,10
Set 1420,8,2,7,11,9
Set 1421,9,2,11,16,7
Set 1422,8,16,1,13,14
Set 1423,14,11,16,8,10
Set 1424,7,1,12,2,14
Set 1425,12,5,2,9,10
Set 1426,11,15,10,5,16
Set 1427,3,1,10,6,13
Set 1428,11,9,2,16,7
Set 1429,8,5,15,3,11
Set 1430,5,16,11,3,9
Set 1431,5,11,10,14,9
Set 1432,9,11,15,12,2
Set 1433,3,4,8,7,11
Set 1434,7,9,15,16,10
Set 1435,15,13,2,4,8
Set 1436,14,6,16,3,4
Set 1437,9,11,1,3,15
Set 1438,13,6,15,10,9
Set 1439,11,16,13,14,8
Set 1440,8,3,12,1,11
Set 1441,7,2,10,14,11
Set 1442,9,2,5,12,4
Set 1443,8,9,12,14,16
Set 1444,10,12,14,16,4
Set 1445,16,15,14,9,13
Set 1446,14,15,7,10,2
Set 1447,16,6,9,12,10
Set 1448,11,6,9,5,8
Set 1449,6,5,16,11,3
Set 1450,3,2,7,14,4
Set 1451,4,7,8,16,15
Set 1452,14,6,2,11,3
Set 1453,2,10,11,13,9
Set 1454,4,16,11,9,15
Set 1455,11,16,15,13,14
Set 1456,6,9,13,12,7
Set 1457,3,13,15,6,10
Set 1458,1,5,2,15,4
Set 1459,4,14,15,9,8
Set 1460,12,14,9,2,3
Set 1461,9,2,7,8,15
Set 1462,5,7,10,9,8
Set 1463,5,15,12,14,16
Set 1464,2,8,15,9,4
Set 1465,11,5,8,16,7
Set 1466,15,16,11,13,9
Set 1467,3,9,6,15,16
Set 1468,9,13,5,3,1
Set 1469,12,16,6,14,13
Set 1470,16,1,5,2,6
Set 1471,3,8,5,2,6
Set 1472,9,14,6,15,7
Set 1473,13,12,6,14,9
Set 1474,3,6,7,1,13
Set 1475,8,15,14,1,3
Set 1476,7,2,9,1,12
Set 1477,6,15,9,1,16
Set 1478,6,1,5,8,9
Set 1479,12,5,9,3,4
Set 1480,16,8,6,14,2
Set 1481,13,8,1,5,3
Set 1482,12,15,10,9,1
Set 1483,11,16,5,15,13
Set 1484,8,4,5,7,15
Set 1485,15,1,11,7,16
Set 1486,5,6,1,11,4
Set 1487,11,12,13,15,9
Set 1488,15,1,8,16,6
Set 1489,12,16,7,3,9
Set 1490,3,2,5,14,16
Set 1491,12,5,14,15,13
Set 1492,9,13,11,6,8
Set 1493,3,11,1,16,9
Set 1494,9,2,5,11,15
Set 1495,8,4,16,14,15
Set 1496,16,5,14,15,8
Set 1497,15,3,16,5,10
Set 1498,3,12,11,1,15
Set 1499,1,5,4,7,12
Set 1500,6,15,8,4,9
Set 1501,16,3,5,15,11
Set 1502,12,4,9,14,7
Set 1503,16,7,1,9,4
Set 1504,2,15,13,12,16
Set 1505,5,11,6,12,3
Set 1506,2,11,9,6,7
Set 1507,15,7,11,12,1
Set 1508,9,3,4,16,7
Set 1509,14,2,11,15,13
Set 1510,4,15,11,12,14
Set 1511,3,5,7,11,4
Set 1512,15,9,5,7,3
Set 1513,10,2,3,1,9
Set 1514,6,8,2,5,1
Set 1515,16,8,7,12,15
Set 1516,5,15,2,4,3
Set 1517,12,11,15,16,14
Set 1518,6,14,12,13,16
Set 1519,12,11,9,4,3
Set 1520,15,7,1,5,2
Set 1521,14,7,5,13,15
Set 1522,15,12,5,2,3
Set 1523,9,7,14,4,10
Set 1524,3,14,4,2,7
Set 1525,6,8,4,10,12
Set 1526,1,9,5,7,6
Set 1527,8,11,5,6,10
Set 1528,3,6,5,4,1
Set 1529,12,8,16,9,13
Set 1530,16,14,7,5,12
Set 1531,10,6,16,3,9
Set 1532,9,2,6,3,5
Set 1533,16,6,15,13,10
Set 1534,2,16,5,12,8
Set 1535,10,5,7,8,9
Set 1536,5,6,14,15,8
Set 1537,11,9,13,1,15
Set 1538,5,6,3,9,13
Set 1539,8,13,9,11,1
Set 1540,5,9,12,8,3
Set 1541,4,5,3,1,8
Set 1542,6,10,15,4,12
Set 1543,9,3,8,1,11
Set 1544,12,6,3,9,15
Set 1545,12,15,13,4,6
Set 1546,11,16,10,6,1
Set 1547,1,16,4,6,9
Set 1548,1,2,14,5,4
Set 1549,7,9,13,5,10
Set 1550,6,11,3,4,10
Set 1551,1,15,13,6,16
Set 1552,12,9,14,15,16
Set 1553,15,16,4,3,12
Set 1554,3,10,12,1,11
Set 1555,14,15,10,4,2
Set 1556,14,8,12,7,4
Set 1557,7,12,11,15,4
Set 1558,16,6,13,5,10
Set 1559,1,3,15,14,4
Set 1560,3,5,13,12,4
Set 1561,12,14,13,10,5
Set 1562,13,3,6,8,4
Set 1563,14,2,10,11,7
Set 1564,13,2,9,3,1
Set 1565,3,15,1,4,2
Set 1566,16,2,3,10,1
Set 1567,12,6,15,14,3
Set 1568,4,11,8,15,12
Set 1569,12,9,6,2,11
Set 1570,6,5,1,10,3
Set 1571,6,15,7,14,3
Set 1572,8,5,7,15,10
Set 1573,3,1,7,15,16
Set 1574,1,12,3,7,11
Set 1575,13,3,10,7,9
Set 1576,13,16,12,9,8
Set 1577,7,4,14,13,5
Set 1578,4,5,8,14,2
Set 1579,5,2,12,8,4
Set 1580,15,13,9,11,7
Set 1581,1,7,2,15,10
Set 1582,15,6,12,5,7
Set 1583,16,7,10,13,8
Set 1584,13,1,5,15,3
Set 1585,1,6,9,2,4
Set 1586,2,14,3,10,7
Set 1587,13,4,6,15,2
Set 1588,14,3,6,1,11
Set 1589,1,16,15,6,10
Set 1590,7,3,1,15,9
Set 1591,1,9,13,15,4
Set 1592,6,9,3,4,16
Set 1593,12,8,15,10,5
Set 1594,8,10,16,15,4
Set 1595,6,4,11,2,8
Set 1596,5,10,13,8,16
Set 1597,12,2,5,16,6
Set 1598,5,7,2,16,12
Set 1599,8,16,5,14,7
Set 1600,5,1,10,16,6
Set 1601,11,1,9,5,16
Set 1602,14,1,8,4,6
Set 1603,14,9,13,10,15
Set 1604,15,14,8,9,11
Set 1605,12,13,8,5,4
Set 1606,13,15,4,3,16
Set 1607,15,9,10,2,6
Set 1608,3,2,9,16,13
Set 1609,15,12,10,4,7
Set 1610,13,6,8,11,12
Set 1611,14,11,10,7,5
Set 1612,6,1,4,3,15
Set 1613,9,8,4,12,15
Set 1614,1,15,4,7,14
Set 1615,6,5,13,4,2
Set 1616,11,4,12,6,10
Set 1617,6,10,8,11,7
Set 1618,13,7,4,2,15
Set 1619,14,13,2,5,9
Set 1620,4,5,8,1,14
Set 1621,13,4,14,1,3
Set 1622,2,5,8,7,6
Set 1623,14,12,4,8,7
Set 1624,12,5,9,8,7
Set 1625,9,8,11,15,5
Set 1626,5,8,2,9,10
Set 1627,16,13,6,10,8
Set 1628,14,15,7,3,10
Set 1629,12,10,13,14,16
Set 1630,3,8,11,13,10
Set 1631,10,3,9,5,8
Set 1632,8,3,16,4,14
Set 1633,15,11,12,2,4
Set 1634,3,13,16,8,12
Set 1635,4,3,12,14,1
Set 1636,10,3,2,8,16
Set 1637,9,8,15,16,11
Set 1638,6,3,1,2,13
Set 1639,5,12,13,6,8
Set 1640,13,5,4,11,2
Set 1641,3,15,2,9,14
Set 1642,8,9,10,7,12
Set 1643,5,14,3,15,16
Set 1644,2,8,10,1,12
Set 1645,5,13,11,15,8
Set 1646,11,7,4,6,9
Set 1647,4,8,14,13,3
Set 1648,1,15,12,13,8
Set 1649,1,5,14,13,6
Set 1650,5,8,11,7,16
Set 1651,12,16,10,14,9
Set 1652,2,4,1,10,12
Set 1653,12,14,9,3,6
Set 1654,16,4,8,3,13
Set 1655,16,12,5,2,4
Set 1656,10,7,3,9,13
Set 1657,3,5,16,14,2
Set 1658,12,13,15,2,1
Set 1659,8,6,16,1,3
Set 1660,14,2,5,16,4
Set 1661,12,6,5,1,13
Set 1662,16,3,5,13,6
Set 1663,6,10,4,11,9
Set 1664,16,3,9,14,15
Set 1665,3,15,13,6,1
Set 1666,11,5,15,16,8
Set 1667,14,1,11,9,4
Set 1668,8,7,4,16,5
Set 1669,4,11,8,5,9
Set 1670,5,2,1,12,8
Set 1671,12,4,2,7,6
Set 1672,14,16,15,11,2
Set 1673,9,4,8,11,10
Set 1674,6,9,3,5,12
Set 1675,7,13,8,12,16
Set 1676,9,5,1,7,2
Set 1677,13,12,16,3,1
Set 1678,15,1,6,14,10
Set 1679,10,7,4,12,15
Set 1680,2,16,15,13,8
Set 1681,13,5,8,7,10
Set 1682,7,2,4,8,1
Set 1683,9,8,7,2,11
Set 1684,16,11,5,3,14
Set 1685,14,13,5,12,9
Set 1686,2,10,14,16,3
Set 1687,8,15,11,7,1
Set 1688,4,3,9,14,12
Set 1689,10,2,6,4,1
Set 1690,9,15,2,8,1
Set 1691,12,13,6,9,4
Set 1692,13,5,12,3,10
Set 1693,15,2,12,16,3
Set 1694,10,5,13,3,15
Set 1695,13,14,7,1,9
Set 1696,9,7,15,13,6
Set 1697,13,4,9,16,6
Set 1698,3,13,10,7,12
Set 1699,11,13,9,4,8
Set 1700,7,8,5,14,4
Set 1701,1,7,14,10,12
Set 1702,12,14,10,16,5
Set 1703,5,15,3,10,4
Set 1704,10,13,12,2,4
Set 1705,2,7,5,16,11
Set 1706,1,7,3,14,16
Set 1707,14,4,16,5,12
Set 1708,5,15,2,10,3
Set 1709,2,15,1,8,16
Set 1710,15,7,16,4,14
Set 1711,11,8,1,5,16
Set 1712,3,9,16,13,1
Set 1713,8,14,12,9,2
Set 1714,15,13,4,6,1
Set 1715,10,9,14,2,16
Set 1716,3,16,4,8,6
Set 1717,13,8,6,4,16
Set 1718,10,7,1,15,12
Set 1719,7,14,15,5,11
Set 1720,16,10,14,15,1
Set 1721,8,11,10,15,3
Set 1722,12,13,4,2,1
Set 1723,6,10,5,7,1
Set 1724,12,9,4,11,3
Set 1725,2,16,3,6,15
Set 1726,7,4,10,3,13
Set 1727,16,8,12,1,13
Set 1728,12,4,9,3,1
Set 1729,9,3,8,6,11
Set 1730,8,10,1,15,11
Set 1731,11,8,14,4,12
Set 1732,2,10,5,11,4
Set 1733,12,5,10,2,6
Set 1734,15,2,3,7,9
Set 1735,3,15,11,8,5
Set 1736,14,11,7,10,4
Set 1737,4,10,14,8,5
Set 1738,13,15,5,8,1
Set 1739,1,16,14,3,4
Set 1740,13,5,7,15,1
Set 1741,12,14,3,8,15
Set 1742,7,3,5,10,15
Set 1743,9,1,15,5,8
Set 1744,2,7,9,1,8
Set 1745,16,9,2,8,14
Set 1746,15,2,1,7,10
Set 1747,13,7,2,9,5
Set 1748,4,16,7,13,10
Set 1749,13,3,10,8,6
Set 1750,10,8,4,7,11
Set 1751,4,12,6,1,13
Set 1752,9,10,3,14,12
Set 1753,9,14,6,13,1
Set 1754,15,12,10,6,9
Set 1755,14,7,1,11,10
Set 1756,3,5,14,15,8
Set 1757,1,2,7,6,4
Set 1758,2,6,15,14,8
Set 1759,3,1,6,12,5
Set 1760,6,12,13,10,7
Set 1761,13,2,9,10,12
Set 1762,8,9,14,10,15
Set 1763,15,3,11,14,2
Set 1764,4,11,12,10,9
Set 1765,1,3,8,6,10
Set 1766,12,9,13,8,5
Set 1767,14,5,6,3,7
Set 1768,3,12,10,15,11
Set 1769,16,15,8,12,13
Set 1770,1,3,8,5,14
Set 1771,15,8,5,4,11
Set 1772,15,11,1,8,2
Set 1773,1,2,9,6,10
Set 1774,2,15,9,10,4
Set 1775,1,4,13,10,3
Set 1776,9,10,1,8,2
Set 1777,4,11,15,7,2
Set 1778,1,11,7,3,10
Set 1779,15,8,2,13,12
Set 1780,12,1,4,9,15
Set 1781,1,10,16,15,5
Set 1782,5,4,3,8,2
Set 1783,1,2,5,14,9
Set 1784,16,10,3,14,8
Set 1785,12,8,9,3,13
Set 1786,6,4,15,2,12
Set 1787,1,3,5,6,2
Set 1788,8,7,9,1,12
Set 1789,7,11,14,15,4
Set 1790,12,14,9,10,7
Set 1791,16,15,8,10,14
Set 1792,16,7,13,11,4
Set 1793,8,5,10,1,11
Set 1794,16,2,10,8,9
Set 1795,9,13,15,2,11
Set 1796,3,6,10,8,9
Set 1797,15,16,10,7,8
Set 1798,5,10,3,8,16
Set 1799,16,2,1,7,13
Set 1800,14,9,7,2,15
Set 1801,16,11,1,15,13
Set 1802,2,7,3,10,5
Set 1803,1,15,5,9,13
Set 1804,6,9,3,4,13
Set 1805,16,5,9,6,14
Set 1806,12,3,1,14,11
Set 1807,11,15,5,12,9
Set 1808,10,9,1,6,5
Set 1809,5,6,16,9,4
Set 1810,7,11,15,14,10
Set 1811,10,16,12,4,14
Set 1812,4,7,16,6,14
Set 1813,7,1,6,9,2
Set 1814,11,3,15,6,9
Set 1815,8,10,3,6,15
Set 1816,8,12,10,2,3
Set 1817,13,9,16,15,12
Set 1818,4,3,15,14,9
Set 1819,1,9,16,10,2
Set 1820,3,9,8,14,12
Set 1821,9,6,1,4,10
Set 1822,14,7,9,4,6
Set 1823,14,11,4,15,7
Set 1824,6,4,16,12,10
Set 1825,6,12,11,8,7
Set 1826,5,10,4,11,3
Set 1827,6,2,1,3,15
Set 1828,13,12,14,9,10
Set 1829,7,3,8,12,15
Set 1830,13,9,7,15,4
Set 1831,7,15,8,6,10
Set 1832,4,10,6,2,12
Set 1833,10,15,9,5,13
Set 1834,4,8,13,9,7
Set 1835,9,4,16,5,13
Set 1836,4,10,14,13,16
Set 1837,11,13,2,7,8
Set 1838,3,1,13,11,2
Set 1839,10,4,8,15,6
Set 1840,9,3,7,5,13
Set 1841,11,1,6,7,4
Set 1842,13,16,11,1,2
Set 1843,1,14,10,11,4
Set 1844,16,2,5,15,13
Set 1845,12,16,1,2,6
Set 1846,6,1,10,9,7
Set 1847,5,12,2,11,8
Set 1848,5,11,12,2,14
Set 1849,9,8,11,4,15
Set 1850,7,1,4,6,11
Set 1851,8,5,4,11,12
Set 1852,14,16,13,7,9
Set 1853,16,2,3,10,15
Set 1854,4,12,10,14,9
Set 1855,9,4,10,2,12
Set 1856,13,3,10,11,12
Set 1857,1,9,12,11,10
Set 1858,11,10,4,8,12
Set 1859,16,11,2,3,9
Set 1860,7,6,15,13,5
Set 1861,5,8,9,11,1
Set 1862,1,12,7,11,13
Set 1863,2,13,4,8,7
Set 1864,14,12,3,7,2
Set 1865,6,7,11,5,8
Set 1866,16,7,6,11,5
Set 1867,11,4,10,15,9
Set 1868,2,14,13,4,15
Set 1869,10,11,2,13,9
Set 1870,11,15,4,6,12
Set 1871,6,4,12,9,1
Set 1872,12,6,15,5,2
Set 1873,3,5,1,15,8
Set 1874,9,12,1,3,15
Set 1875,3,8,11,14,12
Set 1876,6,2,12,3,4
Set 1877,14,4,3,6,13
Set 1878,8,14,15,12,13
Set 1879,8,6,3,12,1
Set 1880,7,12,15,2,5
Set 1881,14,12,11,9,8
Set 1882,10,11,1,13,2
Set 1883,2,10,7,9,16
Set 1884,4,12,2,16,5
Set 1885,3,10,14,7,6
Set 1886,2,16,7,14,13
Set 1887,9,4,6,15,5
Set 1888,15,16,3,8,7
Set 1889,9,5,3,14,1
Set 1890,13,2,5,7,15
Set 1891,4,2,13,12,11
Set 1892,6,10,4,15,5
Set 1893,6,7,2,13,12
Set 1894,13,10,5,1,8
Set 1895,5,14,11,13,8
Set 1896,5,14,13,11,16
Set 1897,1,7,14,8,4
Set 1898,7,15,9,8,5
Set 1899,10,9,11,4,13
Set 1900,1,6,2,11,8
Set 1901,8,6,4,15,16
Set 1902,4,5,15,10,8
Set 1903,9,2,11,1,15
Set 1904,14,15,6,8,1
Set 1905,14,11,6,4,12
Set 1906,3,4,10,7,5
Set 1907,4,8,2,11,12
Set 1908,13,11,12,8,16
Set 1909,1,9,10,5,8
Set 1910,16,7,11,4,15
Set 1911,15,4,10,5,9
Set 1912,9,6,16,13,15
Set 1913,13,1,8,9,4
Set 1914,16,13,9,14,1
Set 1915,8,10,12,1,4
Set 1916,6,16,8,14,11
Set 1917,8,4,11,5,7
Set 1918,11,14,6,2,16
Set 1919,2,9,8,15,5
Set 1920,3,16,9,1,4
Set 1921,2,1,15,13,16
Set 1922,9,13,2,14,1
Set 1923,9,5,3,6,13
Set 1924,16,1,7,15,10
Set 1925,16,6,11,9,10
Set 1926,10,5,1,4,9
Set 1927,8,9,14,13,6
Set 1928,9,11,2,1,16
Set 1929,3,8,4,2,10
Set 1930,16,8,3,10,14
Set 1931,5,9,14,11,15
Set 1932,11,2,14,7,5
Set 1933,9,11,14,2,5
Set 1934,16,3,1,9,5
Set 1935,3,11,5,2,10
Set 1936,8,12,11,10,4
Set 1937,3,9,1,11,10
Set 1938,1,10,13,7,4
Set 1939,12,9,2,8,14
Set 1940,11,13,5,12,4
Set 1941,6,11,9,14,1
Set 1942,9,10,13,1,11
Set 1943,9,12,1,7,10
Set 1944,5,3,16,12,4
Set 1945,10,1,5,11,2
Set 1946,10,9,1,5,7
Set 1947,5,16,1,8,10
Set 1948,5,12,1,8,6
Set 1949,1,15,9,2,4
Set 1950,16,10,1,14,11
Set 1951,8,12,6,15,2
Set 1952,8,13,12,16,9
Set 1953,2,6,9,4,16
Set 1954,8,9,3,13,16
Set 1955,10,2,5,9,8
Set 1956,10,15,12,16,7
Set 1957,2,6,12,10,4
Set 1958,5,3,1,15,13
Set 1959,10,9,4,5,14
Set 1960,11,2,16,5,9
Set 1961,8,7,13,11,5
Set 1962,13,11,1,12,14
Set 1963,11,12,4,10,3
Set 1964,12,1,14,4,7
Set 1965,11,10,12,4,13
Set 1966,4,6,14,12,15
Set 1967,7,9,10,4,14
Set 1968,3,1,5,15,6
Set 1969,15,4,7,11,5
Set 1970,14,8,13,15,5
Set 1971,4,14,1,7,5
Set 1972,2,12,10,9,4
Set 1973,9,4,5,16,11
Set 1974,6,11,12,5,9
Set 1975,5,15,13,16,14
Set 1976,7,15,12,11,4
Set 1977,10,5,4,3,12
Set 1978,8,3,1,2,5
Set 1979,2,14,1,10,11
Set 1980,12,9,8,7,14
Set 1981,7,1,14,5,2
Set 1982,15,1,4,14,16
Set 1983,15,16,13,11,5
Set 1984,5,15,7,3,8
Set 1985,2,7,16,13,4
Set 1986,8,2,15,3,6
Set 1987,3,9,8,1,4
Set 1988,9,13,4,12,5
Set 1989,7,10,3,12,4
Set 1990,8,14,13,6,10
Set 1991,13,15,4,11,12
Set 1992,11,1,13,6,3
Set 1993,9,15,14,12,7
Set 1994,6,1,8,13,16
Set 1995,14,13,9,10,11
Set 1996,8,14,15,7,13
Set 1997,10,14,12,16,13
Set 1998,16,11,3,2,10
Set 1999,4,16,1,7,3
Set 2000,10,5,8,14,13
